"V1";"V2";"V3";"V4";"V5";"V6";"V7";"V8";"V9";"V10";"V11";"V12";"V13";"V14";"V15";"V16";"V17";"V18";"V19"
NA;NA;NA;NA;NA;NA;NA;NA;NA;NA;NA;NA;NA;NA;NA;NA;NA;NA;NA
NA;NA;NA;NA;NA;NA;NA;NA;NA;NA;NA;NA;NA;NA;NA;NA;NA;NA;NA
NA;NA;NA;NA;NA;NA;NA;NA;NA;NA;NA;NA;NA;NA;NA;NA;NA;NA;NA
NA;NA;NA;NA;NA;NA;NA;NA;NA;NA;NA;NA;NA;NA;NA;NA;NA;NA;NA
NA;NA;NA;NA;NA;NA;NA;NA;NA;NA;NA;NA;NA;NA;NA;NA;NA;NA;NA
NA;NA;NA;NA;NA;NA;NA;NA;NA;NA;NA;NA;NA;NA;NA;NA;NA;NA;NA
NA;NA;NA;NA;NA;NA;NA;NA;NA;NA;NA;NA;NA;NA;NA;NA;NA;NA;NA
NA;NA;NA;NA;NA;NA;NA;NA;NA;NA;NA;NA;NA;NA;NA;NA;NA;NA;NA
NA;NA;NA;NA;NA;NA;NA;NA;NA;NA;NA;NA;NA;NA;NA;NA;NA;NA;NA
NA;NA;NA;NA;NA;NA;NA;NA;NA;NA;NA;NA;NA;NA;NA;NA;NA;NA;NA
NA;NA;NA;NA;NA;NA;NA;NA;NA;NA;NA;NA;NA;NA;NA;NA;NA;NA;NA
NA;NA;NA;NA;NA;NA;NA;NA;NA;NA;NA;NA;NA;NA;NA;NA;NA;NA;NA
NA;NA;NA;NA;NA;NA;NA;NA;NA;NA;NA;NA;NA;NA;NA;NA;NA;NA;NA
NA;NA;NA;NA;NA;NA;NA;NA;NA;NA;NA;NA;NA;NA;NA;NA;NA;NA;NA
NA;NA;NA;NA;NA;NA;NA;NA;NA;NA;NA;NA;NA;NA;NA;NA;NA;NA;NA
NA;NA;NA;NA;NA;NA;NA;NA;NA;NA;NA;NA;NA;NA;NA;NA;NA;NA;NA
NA;NA;NA;NA;NA;NA;NA;NA;NA;NA;NA;NA;NA;NA;NA;NA;NA;NA;NA
NA;NA;NA;NA;NA;NA;NA;NA;NA;NA;NA;NA;NA;NA;NA;NA;NA;NA;NA
NA;NA;NA;NA;NA;NA;NA;NA;NA;NA;NA;NA;NA;NA;NA;NA;NA;NA;NA
NA;NA;NA;NA;NA;NA;NA;NA;NA;NA;NA;NA;NA;NA;NA;NA;NA;NA;NA
NA;NA;NA;NA;NA;NA;NA;NA;NA;NA;NA;NA;NA;NA;NA;NA;NA;NA;NA
NA;NA;NA;NA;NA;NA;NA;NA;NA;NA;NA;NA;NA;NA;NA;NA;NA;NA;NA
NA;NA;NA;NA;NA;NA;NA;NA;NA;NA;NA;NA;NA;NA;NA;NA;NA;NA;NA
NA;NA;NA;NA;NA;NA;NA;NA;NA;NA;NA;NA;NA;NA;NA;NA;NA;NA;NA
NA;NA;NA;NA;NA;NA;NA;NA;NA;NA;NA;NA;NA;NA;NA;NA;NA;NA;NA
NA;NA;NA;NA;NA;NA;NA;NA;NA;NA;NA;NA;NA;NA;NA;NA;NA;NA;NA
NA;NA;NA;NA;NA;NA;NA;NA;NA;NA;NA;NA;NA;NA;NA;NA;NA;NA;NA
NA;NA;NA;NA;NA;NA;NA;NA;NA;NA;NA;NA;NA;NA;NA;NA;NA;NA;NA
NA;NA;NA;NA;NA;NA;NA;NA;NA;NA;NA;NA;NA;NA;NA;NA;NA;NA;NA
NA;NA;NA;NA;NA;NA;NA;NA;NA;NA;NA;NA;NA;NA;NA;NA;NA;NA;NA
NA;NA;NA;NA;NA;NA;NA;NA;NA;NA;NA;NA;NA;NA;NA;NA;NA;NA;NA
NA;NA;NA;NA;NA;NA;NA;NA;NA;NA;NA;NA;NA;NA;NA;NA;NA;NA;NA
NA;NA;NA;NA;NA;NA;NA;NA;NA;NA;NA;NA;NA;NA;NA;NA;NA;NA;NA
NA;NA;NA;NA;NA;NA;NA;NA;NA;NA;NA;NA;NA;NA;NA;NA;NA;NA;NA
NA;NA;NA;NA;NA;NA;NA;NA;NA;NA;NA;NA;NA;NA;NA;NA;NA;NA;NA
NA;NA;NA;NA;NA;NA;NA;NA;NA;NA;NA;NA;NA;NA;NA;NA;NA;NA;NA
NA;NA;NA;NA;NA;NA;NA;NA;NA;NA;NA;NA;NA;NA;NA;NA;NA;NA;NA
NA;NA;NA;NA;NA;NA;NA;NA;NA;NA;NA;NA;NA;NA;NA;NA;NA;NA;NA
NA;NA;NA;NA;NA;NA;NA;NA;NA;NA;NA;NA;NA;NA;NA;NA;NA;NA;NA
NA;NA;NA;NA;NA;NA;NA;NA;NA;NA;NA;NA;NA;NA;NA;NA;NA;NA;NA
NA;NA;NA;NA;NA;NA;NA;NA;NA;NA;NA;NA;NA;NA;NA;NA;NA;NA;NA
NA;NA;NA;NA;NA;NA;NA;NA;NA;NA;NA;NA;NA;NA;NA;NA;NA;NA;NA
NA;NA;NA;NA;NA;NA;NA;NA;NA;NA;NA;NA;NA;NA;NA;NA;NA;NA;NA
NA;NA;NA;NA;NA;NA;NA;NA;NA;NA;NA;NA;NA;NA;NA;NA;NA;NA;NA
NA;NA;NA;NA;NA;NA;NA;NA;NA;NA;NA;NA;NA;NA;NA;NA;NA;NA;NA
NA;NA;NA;NA;NA;NA;NA;NA;NA;NA;NA;NA;NA;NA;NA;NA;NA;NA;NA
NA;NA;NA;NA;NA;NA;NA;NA;NA;NA;NA;NA;NA;NA;NA;NA;NA;NA;NA
NA;NA;NA;NA;NA;NA;NA;NA;NA;NA;NA;NA;NA;NA;NA;NA;NA;NA;NA
NA;NA;NA;NA;NA;NA;NA;NA;NA;NA;NA;NA;NA;NA;NA;NA;NA;NA;NA
NA;NA;NA;NA;NA;NA;NA;NA;NA;NA;NA;NA;NA;NA;NA;NA;NA;NA;NA
NA;NA;NA;NA;NA;NA;NA;NA;NA;NA;NA;NA;NA;NA;NA;NA;NA;NA;NA
NA;NA;NA;NA;NA;NA;NA;NA;NA;NA;NA;NA;NA;NA;NA;NA;NA;NA;NA
NA;NA;NA;NA;NA;NA;NA;NA;NA;NA;NA;NA;NA;NA;NA;NA;NA;NA;NA
NA;NA;NA;NA;NA;NA;NA;NA;NA;NA;NA;NA;NA;NA;NA;NA;NA;NA;NA
NA;NA;NA;NA;NA;NA;NA;NA;NA;NA;NA;NA;NA;NA;NA;NA;NA;NA;NA
NA;NA;NA;NA;NA;NA;NA;NA;NA;NA;NA;NA;NA;NA;NA;NA;NA;NA;NA
NA;NA;NA;NA;NA;NA;NA;NA;NA;NA;NA;NA;NA;NA;NA;NA;NA;NA;NA
NA;NA;NA;NA;NA;NA;NA;NA;NA;NA;NA;NA;NA;NA;NA;NA;NA;NA;NA
NA;NA;NA;NA;NA;NA;NA;NA;NA;NA;NA;NA;NA;NA;NA;NA;NA;NA;NA
NA;NA;NA;NA;NA;NA;NA;NA;NA;NA;NA;NA;NA;NA;NA;NA;NA;NA;NA
NA;NA;NA;NA;NA;NA;NA;NA;NA;NA;NA;NA;NA;NA;NA;NA;NA;NA;NA
NA;NA;NA;NA;NA;NA;NA;NA;NA;NA;NA;NA;NA;NA;NA;NA;NA;NA;NA
NA;NA;NA;NA;NA;NA;NA;NA;NA;NA;NA;NA;NA;NA;NA;NA;NA;NA;NA
NA;NA;NA;NA;NA;NA;NA;NA;NA;NA;NA;NA;NA;NA;NA;NA;NA;NA;NA
NA;NA;NA;NA;NA;NA;NA;NA;NA;NA;NA;NA;NA;NA;NA;NA;NA;NA;NA
NA;NA;NA;NA;NA;NA;NA;NA;NA;NA;NA;NA;NA;NA;NA;NA;NA;NA;NA
NA;NA;NA;NA;NA;NA;NA;NA;NA;NA;NA;NA;NA;NA;NA;NA;NA;NA;NA
NA;NA;NA;NA;NA;NA;NA;NA;NA;NA;NA;NA;NA;NA;NA;NA;NA;NA;NA
NA;NA;NA;NA;NA;NA;NA;NA;NA;NA;NA;NA;NA;NA;NA;NA;NA;NA;NA
NA;NA;NA;NA;NA;NA;NA;NA;NA;NA;NA;NA;NA;NA;NA;NA;NA;NA;NA
NA;NA;NA;NA;NA;NA;NA;NA;NA;NA;NA;NA;NA;NA;NA;NA;NA;NA;NA
NA;NA;NA;NA;NA;NA;NA;NA;NA;NA;NA;NA;NA;NA;NA;NA;NA;NA;NA
NA;NA;NA;NA;NA;NA;NA;NA;NA;NA;NA;NA;NA;NA;NA;NA;NA;NA;NA
NA;NA;NA;NA;NA;NA;NA;NA;NA;NA;NA;NA;NA;NA;NA;NA;NA;NA;NA
NA;NA;NA;NA;NA;NA;NA;NA;NA;NA;NA;NA;NA;NA;NA;NA;NA;NA;NA
NA;NA;NA;NA;NA;NA;NA;NA;NA;NA;NA;NA;NA;NA;NA;NA;NA;NA;NA
NA;NA;NA;NA;NA;NA;NA;NA;NA;NA;NA;NA;NA;NA;NA;NA;NA;NA;NA
NA;NA;NA;NA;NA;NA;NA;NA;NA;NA;NA;NA;NA;NA;NA;NA;NA;NA;NA
NA;NA;NA;NA;NA;NA;NA;NA;NA;NA;NA;NA;NA;NA;NA;NA;NA;NA;NA
NA;NA;NA;NA;NA;NA;NA;NA;NA;NA;NA;NA;NA;NA;NA;NA;NA;NA;NA
NA;NA;NA;NA;NA;NA;NA;NA;NA;NA;NA;NA;NA;NA;NA;NA;NA;NA;NA
NA;NA;NA;NA;NA;NA;NA;NA;NA;NA;NA;NA;NA;NA;NA;NA;NA;NA;NA
NA;NA;NA;NA;NA;NA;NA;NA;NA;NA;NA;NA;NA;NA;NA;NA;NA;NA;NA
NA;NA;NA;NA;NA;NA;NA;NA;NA;NA;NA;NA;NA;NA;NA;NA;NA;NA;NA
NA;NA;NA;NA;NA;NA;NA;NA;NA;NA;NA;NA;NA;NA;NA;NA;NA;NA;NA
NA;NA;NA;NA;NA;NA;NA;NA;NA;NA;NA;NA;NA;NA;NA;NA;NA;NA;NA
NA;NA;NA;NA;NA;NA;NA;NA;NA;NA;NA;NA;NA;NA;NA;NA;NA;NA;NA
NA;NA;NA;NA;NA;NA;NA;NA;NA;NA;NA;NA;NA;NA;NA;NA;NA;NA;NA
NA;NA;NA;NA;NA;NA;NA;NA;NA;NA;NA;NA;NA;NA;NA;NA;NA;NA;NA
NA;NA;NA;NA;NA;NA;NA;NA;NA;NA;NA;NA;NA;NA;NA;NA;NA;NA;NA
NA;NA;NA;NA;NA;NA;NA;NA;NA;NA;NA;NA;NA;NA;NA;NA;NA;NA;NA
NA;NA;NA;NA;NA;NA;NA;NA;NA;NA;NA;NA;NA;NA;NA;NA;NA;NA;NA
NA;NA;NA;NA;NA;NA;NA;NA;NA;NA;NA;NA;NA;NA;NA;NA;NA;NA;NA
NA;NA;NA;NA;NA;NA;NA;NA;NA;NA;NA;NA;NA;NA;NA;NA;NA;NA;NA
NA;NA;NA;NA;NA;NA;NA;NA;NA;NA;NA;NA;NA;NA;NA;NA;NA;NA;NA
NA;NA;NA;NA;NA;NA;NA;NA;NA;NA;NA;NA;NA;NA;NA;NA;NA;NA;NA
NA;NA;NA;NA;NA;NA;NA;NA;NA;NA;NA;NA;NA;NA;NA;NA;NA;NA;NA
NA;NA;NA;NA;NA;NA;NA;NA;NA;NA;NA;NA;NA;NA;NA;NA;NA;NA;NA
NA;NA;NA;NA;NA;NA;NA;NA;NA;NA;NA;NA;NA;NA;NA;NA;NA;NA;NA
NA;NA;NA;NA;NA;NA;NA;NA;NA;NA;NA;NA;NA;NA;NA;NA;NA;NA;NA
NA;NA;NA;NA;NA;NA;NA;NA;NA;NA;NA;NA;NA;NA;NA;NA;NA;NA;NA
NA;NA;NA;NA;NA;NA;NA;NA;NA;NA;NA;NA;NA;NA;NA;NA;NA;NA;NA
NA;NA;NA;NA;NA;NA;NA;NA;NA;NA;NA;NA;NA;NA;NA;NA;NA;NA;NA
NA;NA;NA;NA;NA;NA;NA;NA;NA;NA;NA;NA;NA;NA;NA;NA;NA;NA;NA
NA;NA;NA;NA;NA;NA;NA;NA;NA;NA;NA;NA;NA;NA;NA;NA;NA;NA;NA
NA;NA;NA;NA;NA;NA;NA;NA;NA;NA;NA;NA;NA;NA;NA;NA;NA;NA;NA
NA;NA;NA;NA;NA;NA;NA;NA;NA;NA;NA;NA;NA;NA;NA;NA;NA;NA;NA
NA;NA;NA;NA;NA;NA;NA;NA;NA;NA;NA;NA;NA;NA;NA;NA;NA;NA;NA
NA;NA;NA;NA;NA;NA;NA;NA;NA;NA;NA;NA;NA;NA;NA;NA;NA;NA;NA
NA;NA;NA;NA;NA;NA;NA;NA;NA;NA;NA;NA;NA;NA;NA;NA;NA;NA;NA
NA;NA;NA;NA;NA;NA;NA;NA;NA;NA;NA;NA;NA;NA;NA;NA;NA;NA;NA
NA;NA;NA;NA;NA;NA;NA;NA;NA;NA;NA;NA;NA;NA;NA;NA;NA;NA;NA
NA;NA;NA;NA;NA;NA;NA;NA;NA;NA;NA;NA;NA;NA;NA;NA;NA;NA;NA
NA;NA;NA;NA;NA;NA;NA;NA;NA;NA;NA;NA;NA;NA;NA;NA;NA;NA;NA
NA;NA;NA;NA;NA;NA;NA;NA;NA;NA;NA;NA;NA;NA;NA;NA;NA;NA;NA
NA;NA;NA;NA;NA;NA;NA;NA;NA;NA;0.15;NA;NA;NA;NA;NA;NA;NA;NA
NA;NA;NA;NA;NA;NA;NA;NA;NA;NA;0.42;NA;NA;NA;0.18;NA;NA;NA;NA
NA;NA;NA;NA;NA;NA;NA;NA;0.96;NA;0.59;NA;NA;NA;1;NA;NA;NA;NA
NA;NA;NA;NA;NA;1.26;NA;NA;1.54;NA;0.83;NA;NA;NA;1.69;NA;NA;NA;NA
NA;NA;NA;NA;NA;1.98;NA;NA;1.71;NA;1.06;NA;NA;NA;1.99;NA;NA;NA;NA
NA;NA;NA;NA;NA;3.44;NA;NA;2.05;NA;1.49;NA;NA;NA;2.21;NA;NA;NA;0.59
NA;NA;NA;NA;NA;4.28;NA;NA;2.82;NA;1.7;NA;NA;NA;2.83;NA;NA;NA;1.39
NA;NA;NA;NA;NA;5.11;NA;NA;3.27;NA;1.87;NA;NA;NA;3.49;NA;NA;NA;2.14
NA;NA;NA;NA;NA;5.8;NA;NA;3.57;NA;2.09;NA;NA;NA;3.84;NA;NA;NA;2.66
NA;NA;NA;NA;NA;6.35;NA;NA;3.93;NA;2.79;NA;NA;NA;4.28;NA;NA;NA;3.03
NA;NA;NA;NA;NA;6.7;NA;NA;4.24;NA;3.22;NA;NA;NA;4.76;NA;NA;NA;3.49
NA;NA;NA;NA;NA;7.43;NA;NA;4.53;0.44;3.7;NA;2.27;NA;5.17;NA;NA;NA;3.95
NA;NA;NA;NA;NA;7.72;NA;NA;4.96;0.97;4.25;NA;3.39;0.67;5.72;NA;NA;NA;4.37
NA;NA;NA;NA;NA;8.34;NA;NA;5.23;1.48;4.89;0.73;4.1;1.28;6.05;NA;NA;NA;4.57
NA;NA;NA;NA;NA;8.98;NA;NA;5.37;1.97;6.37;1.6;5.13;2.25;6.57;0.71;NA;NA;4.73
0.71;NA;NA;NA;NA;9.48;NA;NA;5.82;2.44;7.08;2.2;6.45;3.09;7.09;1.37;NA;NA;5.01
1.64;NA;NA;NA;NA;9.97;NA;NA;6.03;2.72;8.7;2.67;6.96;4.1;7.63;1.97;NA;NA;5.22
2.07;NA;NA;NA;NA;10.34;NA;NA;6.68;3.34;10;3.33;7.72;5.75;8.11;2.48;NA;NA;5.57
2.46;NA;NA;NA;NA;10.78;0.33;NA;7.02;3.97;10.92;4.15;8.15;7.59;8.88;2.71;NA;NA;6.22
2.71;NA;NA;NA;NA;11.18;0.66;NA;7.84;4.46;12.72;5.13;8.51;9.86;9.65;3.1;NA;NA;6.48
3.04;NA;NA;NA;0.94;11.47;0.8;NA;8.43;5.04;13.88;6.75;8.98;12.35;10.3;3.46;NA;NA;6.66
3.38;NA;NA;NA;1.97;11.95;1.19;NA;8.91;5.58;14.46;8.34;9.32;14.59;10.58;3.94;NA;NA;6.96
3.53;NA;NA;NA;2.81;12.65;1.63;NA;9.37;5.94;14.93;10.06;9.47;16.46;11.86;4.41;NA;NA;7.07
3.93;NA;NA;NA;3.55;13.34;2.4;NA;9.84;6.35;15.77;11.57;10.5;18.32;13.61;4.76;NA;NA;7.24
4.27;NA;NA;NA;4.25;13.82;2.55;NA;10.3;6.76;16.86;12.12;11.29;20.84;15.04;5.28;NA;0.37;7.47
4.67;1.97;NA;0.34;5.12;13.99;3.42;0.47;10.79;6.95;17.87;12.86;12.06;22.4;15.75;5.66;NA;1.39;7.58
5.08;3.65;NA;0.63;6.11;14.44;4.36;0.61;11.91;7.28;18.67;13.94;13.14;24.38;16.03;5.91;NA;2.09;8.23
5.41;5.86;NA;0.92;6.94;14.83;4.92;0.94;12.85;7.71;19.84;15.25;13.87;26.92;16.88;6.26;NA;2.78;8.75
6.01;7.31;NA;1.36;7.55;15.11;5.59;1.12;13.49;8.33;21.47;16.76;14.55;29.38;17.79;6.63;NA;3.38;9.29
6.49;8.02;NA;1.89;8.38;15.41;6.12;1.39;13.95;8.82;22.29;18.71;15.41;30.98;18.36;7.02;NA;3.9;9.92
6.88;9.53;NA;2.44;9.02;15.69;7.28;1.57;14.28;9.12;23.21;20.14;16.55;32.33;18.98;7.21;NA;4.51;10.38
7.34;10.81;NA;3.12;9.54;16.01;7.62;1.77;14.74;9.37;24.04;21.47;17.91;33.74;19.32;7.41;NA;4.96;10.91
8.23;12.79;NA;3.6;9.79;16.52;8.46;2.13;15.21;9.63;25.09;23.12;19.57;35.35;19.71;7.81;NA;5.7;11.38
9.31;14.2;NA;3.84;10.07;16.77;9.05;2.49;16.06;10.09;25.96;25.73;20.9;36.32;20.07;8.08;NA;6.58;11.89
10.19;16.23;NA;4.04;10.42;16.9;9.52;2.63;16.51;10.33;27.56;27.53;22.56;38.12;20.45;8.31;NA;7.4;12.43
10.79;17.37;NA;4.26;10.77;17.32;9.99;2.79;17.27;10.75;28.75;30.2;23.8;39.85;21.01;8.73;NA;8.22;12.8
11.63;18.55;NA;4.77;11.26;17.67;10.5;2.9;17.64;11.04;29.82;32.37;25.27;41.35;21.17;8.82;NA;8.76;13.12
12.12;19.69;NA;5.1;11.68;18.23;10.81;3.15;17.87;11.62;30.97;34.27;26.57;43.25;21.55;8.99;NA;10.15;13.31
12.54;20.3;NA;5.34;12.39;18.83;11.15;3.38;18.51;11.99;31.76;36.05;28.1;44.58;21.9;9.54;NA;11.16;13.53
12.82;22.28;0.24;5.61;13.1;19.8;11.51;3.86;19;12.53;32.62;38.07;29.94;45.87;22.42;10.18;NA;12.48;13.88
13.46;23.78;0.72;5.78;13.65;20.28;11.78;4.14;19.21;12.79;33.54;39.91;31.13;46.47;22.7;10.45;NA;13.65;14.31
14.46;24.85;0.91;5.98;14.62;20.63;12.35;5.01;19.55;13.1;33.98;41.25;32.23;47.06;23.72;10.92;NA;15.61;14.54
15.42;25.23;1.25;6.23;15.48;21.15;12.99;5.52;20.2;13.4;34.41;42.55;33.59;47.43;24.36;11.15;NA;16.94;14.89
16.36;26.83;1.61;6.71;16.07;21.58;13.76;6.54;20.44;14.1;35.96;43.79;34.89;48.46;24.77;11.32;NA;18.71;15.5
17.47;27.93;1.88;6.9;16.56;21.9;14.49;7.12;20.75;14.4;36.92;46.19;35.19;49.14;25.34;11.6;1.43;20.85;15.77
18.34;29.28;2.27;7.42;17.08;22.6;15.61;7.51;21.29;14.73;37.89;47.92;37.12;50.02;25.8;12.29;2.57;23.29;16.03
19.01;30.93;2.58;7.92;17.64;23.2;16.04;7.76;21.79;15.48;38.86;50.32;38.96;51.44;26.47;12.99;3.76;25.39;16.74
20.64;32.31;3.1;8.26;18.12;24.25;16.29;8.15;22.14;15.96;39.64;53.43;41.13;53.82;27.37;13.46;5.5;27.71;17.13
22.03;32.91;3.57;8.57;18.32;25.26;16.44;8.32;22.89;16.45;40.04;55.99;43.27;56.05;28.05;13.79;7.3;29.63;17.26
22.88;34.42;3.95;9.34;18.4;26.13;16.85;8.51;23.58;17.67;41.3;58;44.88;58.54;28.75;14.27;9.43;31.94;17.36
23.49;35.99;4.22;10.03;18.54;26.89;17.22;8.75;23.96;18.76;42.2;59.65;46.03;61.91;29.14;14.74;11.16;33.8;17.55
24.25;37.17;4.46;10.27;18.89;27.61;17.54;9.06;24.19;19.69;42.79;61.77;47.48;64.21;30.03;15.3;13.09;36.46;18
25.21;38.35;4.73;10.55;19.73;28.29;17.89;9.28;24.39;20.37;43.51;63.88;49.05;65.9;30.67;16.08;14.93;39.11;18.47
26.08;39.81;5.08;10.75;20.47;28.87;18.14;9.47;24.63;21.2;44;65.45;50.4;67.58;31.22;16.58;16.05;41.38;18.77
27.13;40.84;5.38;11.01;20.99;29.3;18.35;9.68;24.8;22.47;44.71;67.21;51.95;68.7;31.88;17.23;17.88;44.03;18.99
27.58;42.41;5.83;11.46;21.36;29.88;18.75;10.12;24.91;24.02;45.18;68.51;53.71;70.28;32.85;18.08;19.7;46.81;19.5
28.23;44.42;6.1;11.87;22.02;30.49;19;10.43;25.1;26.09;45.64;69.64;54.96;72.48;33.54;19.16;21.75;49.12;20.3
28.89;45.65;6.4;12.08;22.3;30.97;19.34;11.74;25.21;27.26;45.89;70.74;55.06;73.69;34.26;20.15;23.84;51.88;20.76
29.27;47.58;6.85;12.57;22.69;31.33;21.18;12.59;25.4;28.13;46.12;71.63;55.16;75.14;34.74;20.94;25.38;55.07;21.4
29.76;49.33;7.21;12.98;22.95;31.68;23.27;13.28;25.55;29.08;46.61;72.59;55.22;76.6;35.43;21.46;26.91;57.59;22.17
30.33;50.68;7.54;13.11;23.16;31.93;25.44;13.63;25.72;29.77;47.2;73.59;55.28;77.85;35.75;21.87;28.22;60.32;22.67
30.84;51.96;8.17;13.3;23.45;32.29;27.26;14.89;26.2;30.51;48.13;74.82;55.32;78.89;36.41;22.5;29.18;62.15;23.35
31.35;54.22;8.5;13.65;23.92;32.77;27.82;15.22;26.61;31.49;50.17;74.95;55.4;80.12;36.91;22.87;30.11;64.48;24.28
31.9;55.8;8.75;13.83;24.59;33.03;28.11;16.35;26.92;32.21;51.88;75.86;55.7;81.26;38.06;24.31;31.59;67.57;24.68
32.57;57.52;9.1;14.1;25.22;34.35;29.93;17.49;27.1;33.03;53.56;77.01;56.39;82.05;39.88;26.44;32.93;70.29;26.4
33.5;58.55;9.26;14.68;25.69;35.76;31.71;19.29;27.55;33.8;54.73;78.18;57.23;83.23;42.18;28.8;34.77;72.78;27.71
34.54;59.71;9.99;15.31;26.12;37.32;33.66;20.04;28.27;34.11;56.69;79.17;57.87;84.74;43.47;30.09;35.82;74.52;29.57
35.26;61.32;10.51;16.5;26.43;38.31;34.62;21.08;29.79;34.75;58.27;81.29;58.52;86.15;44.44;31.48;37.47;76.51;30.53
36;63.12;11.03;17;26.96;39.22;35.83;21.96;30.99;35.04;60.41;82.69;59.21;88.48;45.32;32.6;38.89;78.19;31.77
36.51;65.07;11.43;17.41;27.73;40.02;37.02;22.79;32.2;35.61;63.02;84.79;59.51;90.61;45.86;33.47;39.57;79.52;32.91
36.83;66.38;11.72;17.58;28.49;40.62;38.13;23.29;33.28;36.24;64.41;86.07;59.79;92.17;46.32;34.15;40.68;81.08;33.66
37.27;67.84;11.91;17.78;28.87;41.65;38.86;23.78;34.35;36.85;65.53;87.23;60.31;94.87;46.91;35.27;42.38;83.17;34.32
37.7;69.46;12.08;18.01;30.2;43.28;39.74;24.55;34.84;37.6;66.47;88.41;60.83;97.91;47.66;36.28;44.54;84.98;35.21
38.04;71.1;12.3;18.23;30.88;44.5;41.08;25.37;35.6;38.09;67.15;89.73;61.55;100.5;48.81;37.57;46.91;86.38;35.93
38.48;73.11;12.73;18.64;31.48;46;42.6;25.9;36.69;38.57;67.76;91.04;62.35;102.79;50.53;39.04;49.23;88.74;37.13
38.86;76.11;13.07;18.72;32.24;47.4;44.09;26.85;38;39.01;69.02;92.24;63.52;105.37;51.82;40.68;51.18;90.26;38.53
39.39;78.99;13.5;19.21;33.04;48.46;45.48;28.63;38.9;39.41;70.7;93.82;64.14;108.81;53.23;42.16;53.38;92.35;40.29
39.79;82.13;13.81;19.57;33.5;48.94;47.02;29.99;40.09;39.82;72.22;95.78;64.58;111.54;53.79;43.2;55.45;94.4;41.68
40.22;85.07;14.24;20.13;34.17;49.65;47.97;30.59;40.87;40.45;73.37;97.76;65.07;114.98;54.75;44.37;57.89;96.86;42.74
40.56;86.55;15.22;20.94;34.61;50.99;49.06;31.56;41.56;40.86;75.07;98.93;65.45;117.94;55.32;45.04;60.09;98.92;44.04
40.88;88.06;15.64;21.67;34.87;51.65;49.37;32.04;42.62;41.27;76.27;100.54;65.99;120.74;56.14;45.79;62.23;100.87;44.75
41.18;89.4;15.97;22.44;35.26;52.8;50.19;32.69;43.08;41.64;77.21;101.55;66.48;122.2;57.01;46.78;64.43;102.86;45.61
41.51;90.85;16.41;22.87;35.9;54.04;51.02;33.17;43.68;41.81;78.45;102.82;67.12;124.42;57.97;47.65;66.59;104.42;46.28
41.89;91.24;16.71;23.54;36.19;55.11;51.65;33.39;44.37;42.15;79.2;103.85;67.68;125.39;58.99;48.63;68.17;105.82;47.04
42.37;91.7;17.03;24.21;36.56;55.91;52.59;33.99;44.79;42.43;80.48;104.96;68.2;126.91;59.86;49.32;70.04;107.66;47.91
42.92;92.68;17.34;24.85;37;56.93;53.11;34.39;45.52;42.68;81.87;106.1;68.96;130.4;62.12;50.49;72.53;109.82;48.56
43.45;93.59;17.66;25.23;37.58;57.54;53.69;34.67;46.3;42.85;82.84;107.4;69.61;133.26;63.08;51.58;74.67;112.15;49.48
43.88;94.61;18.21;25.75;38.3;58.11;54.6;35.92;47.33;43.09;83.24;108.03;70.69;134.2;63.55;52.4;75.89;113.7;50.27
44.28;95.37;18.63;26.11;38.76;59.43;55.33;37.33;48.37;43.5;83.87;108.67;72.04;135.92;63.91;53.6;76.66;114.98;50.87
45.13;96.36;18.95;26.48;38.96;60.59;56.12;38.39;49.22;43.82;84.95;109.82;73.46;139.12;64.51;54.34;78.02;116.8;51.66
45.44;97.39;19.4;26.69;39.17;61.34;56.64;39.25;50.49;44.17;85.88;111.42;75;141.41;66.06;55.27;79.79;119.02;52.27
45.82;98.12;19.8;27.37;39.75;61.89;58;39.75;51.22;44.41;86.53;112.18;76.43;142.76;67.13;56.27;81.04;120.97;52.94
46.14;98.82;20.18;27.71;40.33;62.26;58.9;41.08;51.87;44.65;87.21;112.89;77.38;144.44;68.45;56.98;83.03;123.51;54.05
46.44;99.94;20.75;28.14;40.92;63.06;60.17;42.05;52.3;44.96;87.8;113.64;78.93;145.87;69.8;58.26;85.67;125.8;55.5
47.03;100.56;21.2;28.49;41.25;63.57;61.39;42.91;52.77;45.31;88.35;114.2;80.15;147.45;71.07;59.62;88.27;128.63;56.78
47.41;101.55;21.86;28.96;41.44;63.84;62.2;43.62;53.87;45.48;88.86;114.9;81.05;148.68;72.21;60.37;90.38;130.67;58.16
47.69;103.14;22.33;29.56;41.68;64.44;63.06;44.8;54.93;45.83;89.39;115.46;82.75;151.3;73.36;61.21;91.81;132.24;59.11
48.34;104.78;22.76;30.04;41.83;65.26;63.87;45.83;55.67;45.91;90.05;116.42;83.61;154.46;74.21;61.78;94.14;134.12;60.13
49.13;106.07;23.41;30.4;42.1;66.63;64.92;46.47;57.05;46.04;90.83;117.32;84.51;157.68;74.86;62.43;97.35;137.39;61.28
49.34;106.67;24.04;31.07;42.4;68.13;66.07;47.8;57.8;46.42;91.38;118.14;86.8;159.49;75.86;63.21;99.35;139.93;62.46
49.78;107.07;24.41;31.65;42.72;70.85;67.58;48.61;58.15;46.68;92.31;119.04;89.23;161.6;76.48;63.88;100.97;141.85;64.08
50.18;108.14;25.31;32.03;42.89;73.62;67.94;50.35;58.61;46.9;93.67;119.94;91.8;163.54;77.76;64.8;103.02;143.72;65.29
50.71;109.11;25.65;32.66;43.08;75.02;69.06;52.09;58.92;47.47;97.75;121.03;94.12;164.88;79.46;65.63;105.67;145.91;66.25
51.18;110.2;26.45;32.83;43.27;77.24;69.95;53.46;59.48;47.99;100.14;122.76;97.58;166.71;81.06;66.85;109.37;147.98;67.15
51.93;111.66;27;33.33;43.43;78.19;70.69;55.39;60.24;48.56;103.02;124.03;100.44;167.64;82.51;68.59;111.4;150.13;68.38
52.35;113.82;27.77;33.69;43.5;79.51;72.14;56.39;60.52;48.81;106.13;125.37;102.4;169.49;83.48;69.78;113.53;152.9;69.65
52.61;114.96;28.6;34.11;43.62;80.72;73.05;57.26;61.03;49.1;108.97;126.78;104.26;172.3;84.46;70.66;116.13;155.39;70.58
53.32;116.87;29;34.59;43.72;82;74.47;58.33;61.96;49.25;113.15;128.27;106.25;173.71;85.67;71.62;117.71;157.23;71.3
54.53;118.09;29.28;34.65;43.88;83.04;75.92;59.65;62.61;49.84;115.98;129.97;108.47;175.2;86.47;72.41;119.68;159.21;72.09
55.42;120.03;29.82;35.04;43.94;83.93;77.72;61.07;63.13;50.24;118.87;131.72;111.13;176.82;87.1;73.09;122.55;161.13;72.51
56.39;120.81;30.24;35.38;44.01;85.26;79.16;62.1;63.67;50.47;121.64;133.47;113.25;178.74;87.97;73.91;124.83;162.85;72.86
57.67;122.39;30.55;35.59;44.13;86.88;80.88;62.95;64.22;50.63;124.65;134.71;115.46;179.76;89.04;75.11;128.29;164.49;73.25
58.94;125.17;30.86;35.74;44.31;88.29;82.59;63.9;64.68;51.01;127.14;136.01;118;180.56;90.11;76.06;131.52;166.85;73.84
59.74;127.08;31.36;36.33;44.45;88.92;83.88;64.56;65.39;51.16;128.79;137.52;120.38;182.01;90.87;76.97;134.38;169.02;74.34
60.91;129.94;31.6;36.87;44.64;90.68;84.75;64.88;66.07;51.34;130.55;139.28;121.99;182.79;91.48;77.64;137.2;171;74.52
62.51;132.24;31.89;37.21;44.81;92.04;85.59;66.03;68.19;51.78;132.59;141.27;123.85;184.04;92.3;78.2;140.26;172.9;75.16
63.64;134.22;32.09;37.89;45.02;93.05;86.98;66.85;68.87;52.66;133.89;143.53;125.54;185.37;93.14;79;144.07;174.71;75.87
64.67;134.79;32.49;38.58;45.28;94.33;88.17;67.45;69.48;53.53;134.75;145.39;127.44;186.08;93.32;79.74;147.63;176;76.2
65.9;136.05;32.67;39.08;45.5;95.27;89.07;67.95;70.24;54.19;135.51;146.42;128.86;186.93;93.57;80.35;150.88;177.59;76.57
67.36;139.93;32.94;39.31;45.72;95.76;89.92;68.46;71.38;54.71;136.49;147.88;129.66;188.29;93.62;80.85;154.2;179.09;77
69.61;142.92;33.31;39.64;45.99;96.41;90.91;68.85;72;55.35;137.26;150.09;130.28;189.94;93.97;81.43;158.02;180.57;77.36
71.3;146.56;33.8;40.17;46.17;96.91;91.73;69.22;72.7;56.01;137.68;151.63;132.06;191.48;94.38;81.96;161.59;181.87;77.88
72.76;148.84;34.38;40.79;46.38;97.73;92.6;69.79;73.27;56.59;138.17;152.39;133.98;193.59;95.03;82.81;164.25;183.03;78.18
74.22;150.97;35.11;41.1;46.56;98.35;93.54;70.07;74;56.81;139.68;152.95;135.37;194.95;95.57;83.54;166.12;184.2;78.65
75.98;153.44;35.97;41.39;46.71;98.83;94.43;70.5;74.33;57.15;140.62;153.5;136.44;196.61;96.2;84;168.53;185.28;78.87
78.01;156.02;37.11;41.61;46.9;99.46;95.21;71.01;75.16;58.05;141.34;154.04;137.09;197.65;97.08;84.71;170.22;186.45;79.36
80.19;157.46;38.39;42.21;47.07;100.65;96.44;71.78;76.46;58.97;141.64;154.27;137.76;198.4;97.7;85.16;172.54;187.65;79.61
82.62;159.29;40.17;42.66;47.2;101.11;97.66;72.43;77.5;59.9;142.17;154.6;138.38;199.08;98.45;85.72;174.63;188.75;79.84
84.91;160.09;42.19;43.41;47.3;102.14;98.49;73.24;79.58;61.14;142.42;154.86;139.83;199.81;99.69;86.64;177.23;190.04;80.4
86.73;161.79;43.71;44.73;47.47;103.15;99.72;73.55;80.97;62.06;143.03;155.32;141.14;200.67;100.72;87.22;179.76;191.33;80.83
87.03;162.87;45.89;45.58;47.61;103.55;100.9;73.71;81.37;62.3;143.41;155.62;141.56;201.58;100.97;87.48;180.49;192.7;81.23
88.65;164.1;48.81;45.79;47.93;104.19;101.24;74.17;81.76;62.92;143.64;156.13;141.79;202.26;101.52;87.84;182.44;193.6;81.48
90.59;164.88;49.47;46.51;48.19;105.27;101.72;74.61;82.4;63.98;144.72;156.51;142.1;203.45;102.24;88.37;184.46;194.41;81.74
92.67;165.39;51.19;47.24;48.35;106.64;102.53;75.03;82.97;65.16;146.21;156.83;142.49;204.57;103.37;89.11;187.08;195.53;82.17
93.87;166.32;52.87;48.19;48.52;107.85;103.83;75.31;83.37;65.86;148.71;157.17;143.12;204.91;104.46;90.48;190.78;196.92;82.72
95.11;167.19;54.58;48.81;48.6;108.58;105.57;75.92;83.64;66.44;150.7;157.62;143.9;205.19;105.93;91.85;192.58;197.85;83.23
97.04;167.98;55.91;50.19;48.72;110.34;108.27;76.7;84.2;67.67;153.17;157.99;144.95;205.67;109.13;96.03;194.78;198.73;83.79
98.74;168.94;57.07;51.8;48.77;112.05;109.78;77.04;84.73;68.86;156.42;158.16;146.32;206.41;112.04;98.66;196.82;199.47;84.39
101.12;169.86;58.98;52.8;48.91;114.17;111.42;77.24;85.11;69.64;159.52;158.27;147.66;207.31;117.03;101.87;200.27;200.46;85.03
103.26;170.72;60.41;53.39;49.06;115.48;113.13;77.57;85.47;70.48;163.78;158.46;148.95;207.86;122.01;103.57;202.22;200.95;85.51
105.07;172.42;61.6;54.33;49.24;117.24;113.91;77.93;86.18;71.25;167.26;158.72;150.42;208.43;126.04;105.74;205.13;201.37;86.29
108.04;173.4;62.42;55.58;49.43;117.68;114.93;78.44;87.48;72.06;170.22;158.89;151.86;209.23;130.57;107.92;208.39;201.83;87.13
111.29;174.74;63.12;56.56;49.63;118.91;115.9;79;88.61;73.03;173.2;159.03;153.49;210.12;134.14;109.92;211.84;202.39;88.14
113.3;176.03;63.78;58.56;49.76;120.66;117.26;79.48;89.62;73.81;176.7;159.2;155.36;211.03;136.6;111.57;214.04;203.07;89.01
115.67;178.13;64.24;59.6;49.91;121.63;118.17;80.17;91.32;74.46;178.71;159.36;157.22;211.87;139.9;114.14;216.86;203.87;89.83
118.52;179.1;64.86;60.88;50.06;123.1;119.14;80.76;92.6;75.01;180.51;159.6;157.92;212.55;143.1;116.7;219.47;204.48;90.51
121.18;180.29;65.48;62.05;50.2;124.72;119.66;81.65;94.3;75.61;181.94;159.74;158.6;213.47;145.75;118.57;221.94;204.9;90.99
123.25;180.91;65.75;63.24;50.38;126.23;120.42;82.63;96.33;76.48;182.88;160.1;159.84;214.13;148.67;121.43;224.44;205.59;91.36
125.22;181.53;66;64.32;50.69;127.57;121.28;83.19;98.19;77.28;184.19;160.41;160.83;215;151.13;123.08;226.14;206.52;91.9
127.05;182.14;66.42;65.27;50.87;128.48;122.12;84.34;99.08;78.26;185.84;160.75;161.15;215.58;153.28;125.03;227.24;207.09;92.18
128.99;182.54;66.89;66.89;51.1;129.02;122.72;85.53;101.25;79.78;187.11;161.09;161.34;215.93;155.91;126.42;229.03;207.6;92.51
130.45;182.8;67.14;68.63;51.29;129.74;123.69;86.32;103.45;81.2;188.71;161.29;162.42;216.05;157.94;127.66;231;208.37;92.88
131.54;183.24;67.5;69.56;51.44;130.5;124.79;87.35;105.86;82.21;190.51;161.64;163.41;216.21;159.48;128.91;232.54;208.89;93.32
132.25;183.48;67.73;69.92;51.67;130.82;125.36;89.45;108.34;83.76;191.71;161.9;164.31;216.32;161.76;130.88;234.44;209.66;93.79
132.76;184.34;68.14;71.23;51.88;131.51;126.71;89.9;109.26;84.25;192.69;162.12;164.69;216.42;163.18;131.26;235.55;210.43;93.98
